ep1.time=164.352254
ep2.time=165.244526
ep3.time=165.332659
ep4.time=165.291084
ep5.time=165.366475
ep6.time=165.199446
ep7.time=164.652126
ep8.time=164.634198
ep9.time=164.737506
ep10.time=164.686370
